,Image,Label,Prediction,Word,Thousand_score,Hundred_score,Ty/Teen_score,Unit_score
0,0.png,six thousand one hundred sixty two,thirteen thirteen twenty twenty twenty twenty twenty,0,0.24662003275639435,0.25153789918049424,0.25205176971973103,0.2497902983433804
1,0.png,six thousand one hundred sixty two,thirteen thirteen twenty twenty twenty twenty twenty,1,0.24662003275639435,0.25153789918049424,0.25205176971973103,0.2497902983433804
2,0.png,six thousand one hundred sixty two,thirteen thirteen twenty twenty twenty twenty twenty,2,0.24640421864926573,0.2522674505200431,0.2501095399667369,0.2512187908639542
3,0.png,six thousand one hundred sixty two,thirteen thirteen twenty twenty twenty twenty twenty,3,0.24640421864926573,0.2522674505200431,0.2501095399667369,0.2512187908639542
4,0.png,six thousand one hundred sixty two,thirteen thirteen twenty twenty twenty twenty twenty,4,0.24640421864926573,0.2522674505200431,0.2501095399667369,0.2512187908639542
5,0.png,six thousand one hundred sixty two,thirteen thirteen twenty twenty twenty twenty twenty,5,0.24640421864926573,0.2522674505200431,0.2501095399667369,0.2512187908639542
6,0.png,six thousand one hundred sixty two,thirteen thirteen twenty twenty twenty twenty twenty,6,0.24640421864926573,0.2522674505200431,0.2501095399667369,0.2512187908639542
7,1.png,three thousand three hundred forty five,twenty,0,0.2474948344740175,0.23660831297290238,0.2565796799647244,0.2593171725883559
8,2.png,one thousand nine hundred ninety one,twenty twenty twenty twenty twenty twenty twenty,0,0.26320303850757026,0.2502024761992818,0.23661963850603662,0.24997484678711135
9,2.png,one thousand nine hundred ninety one,twenty twenty twenty twenty twenty twenty twenty,1,0.26320303850757026,0.2502024761992818,0.23661963850603662,0.24997484678711135
10,2.png,one thousand nine hundred ninety one,twenty twenty twenty twenty twenty twenty twenty,2,0.26320303850757026,0.2502024761992818,0.23661963850603662,0.24997484678711135
11,2.png,one thousand nine hundred ninety one,twenty twenty twenty twenty twenty twenty twenty,3,0.26320303850757026,0.2502024761992818,0.23661963850603662,0.24997484678711135
12,2.png,one thousand nine hundred ninety one,twenty twenty twenty twenty twenty twenty twenty,4,0.26320303850757026,0.2502024761992818,0.23661963850603662,0.24997484678711135
13,2.png,one thousand nine hundred ninety one,twenty twenty twenty twenty twenty twenty twenty,5,0.26320303850757026,0.2502024761992818,0.23661963850603662,0.24997484678711135
14,2.png,one thousand nine hundred ninety one,twenty twenty twenty twenty twenty twenty twenty,6,0.26320303850757026,0.2502024761992818,0.23661963850603662,0.24997484678711135
15,3.png,two thousand seven hundred eighty seven,thirteen twenty twenty twenty twenty twenty twenty,0,0.24636440037652022,0.25109766353475044,0.2402194218675419,0.26231851422118735
16,3.png,two thousand seven hundred eighty seven,thirteen twenty twenty twenty twenty twenty twenty,1,0.2469621461525709,0.2513555304637387,0.24211074649429026,0.25957157688939997
17,3.png,two thousand seven hundred eighty seven,thirteen twenty twenty twenty twenty twenty twenty,2,0.2469621461525709,0.2513555304637387,0.24211074649429026,0.25957157688939997
18,3.png,two thousand seven hundred eighty seven,thirteen twenty twenty twenty twenty twenty twenty,3,0.2469621461525709,0.2513555304637387,0.24211074649429026,0.25957157688939997
19,3.png,two thousand seven hundred eighty seven,thirteen twenty twenty twenty twenty twenty twenty,4,0.2469621461525709,0.2513555304637387,0.24211074649429026,0.25957157688939997
20,3.png,two thousand seven hundred eighty seven,thirteen twenty twenty twenty twenty twenty twenty,5,0.2469621461525709,0.2513555304637387,0.24211074649429026,0.25957157688939997
21,3.png,two thousand seven hundred eighty seven,thirteen twenty twenty twenty twenty twenty twenty,6,0.2469621461525709,0.2513555304637387,0.24211074649429026,0.25957157688939997
22,4.png,five thousand four hundred sixty five,twenty twenty twenty twenty twenty twenty twenty,0,0.2566294648762234,0.2498842058449813,0.2439560262131777,0.24953030306561766
23,4.png,five thousand four hundred sixty five,twenty twenty twenty twenty twenty twenty twenty,1,0.2566294648762234,0.2498842058449813,0.2439560262131777,0.24953030306561766
24,4.png,five thousand four hundred sixty five,twenty twenty twenty twenty twenty twenty twenty,2,0.2566294648762234,0.2498842058449813,0.2439560262131777,0.24953030306561766
25,4.png,five thousand four hundred sixty five,twenty twenty twenty twenty twenty twenty twenty,3,0.2566294648762234,0.2498842058449813,0.2439560262131777,0.24953030306561766
26,4.png,five thousand four hundred sixty five,twenty twenty twenty twenty twenty twenty twenty,4,0.2566294648762234,0.2498842058449813,0.2439560262131777,0.24953030306561766
27,4.png,five thousand four hundred sixty five,twenty twenty twenty twenty twenty twenty twenty,5,0.2566294648762234,0.2498842058449813,0.2439560262131777,0.24953030306561766
28,4.png,five thousand four hundred sixty five,twenty twenty twenty twenty twenty twenty twenty,6,0.2566294648762234,0.2498842058449813,0.2439560262131777,0.24953030306561766
29,5.png,seven hundred eighty seven,twenty twenty twenty twenty twenty,0,0.0,0.3422675024630305,0.31259686487512184,0.3451356326618475
30,5.png,seven hundred eighty seven,twenty twenty twenty twenty twenty,1,0.0,0.3422675024630305,0.31259686487512184,0.3451356326618475
31,5.png,seven hundred eighty seven,twenty twenty twenty twenty twenty,2,0.0,0.3422675024630305,0.31259686487512184,0.3451356326618475
32,5.png,seven hundred eighty seven,twenty twenty twenty twenty twenty,3,0.0,0.3422675024630305,0.31259686487512184,0.3451356326618475
33,5.png,seven hundred eighty seven,twenty twenty twenty twenty twenty,4,0.0,0.3422675024630305,0.31259686487512184,0.3451356326618475
34,6.png,five hundred fifty four,twenty,0,0.0,0.32057988275682797,0.3232555564164597,0.3561645608267124
35,7.png,nine hundred thirty nine,seventeen twenty twenty twenty,0,0.0,0.34169950117932485,0.33131798572672366,0.3269825130939513
36,7.png,nine hundred thirty nine,seventeen twenty twenty twenty,1,0.0,0.3417159176890763,0.3291732761494008,0.32911080616152283
37,7.png,nine hundred thirty nine,seventeen twenty twenty twenty,2,0.0,0.3417159176890763,0.3291732761494008,0.32911080616152283
38,7.png,nine hundred thirty nine,seventeen twenty twenty twenty,3,0.0,0.3417159176890763,0.3291732761494008,0.32911080616152283
39,8.png,four hundred eighty eight,twenty twenty twenty twenty twenty,0,0.0,0.36316361254616997,0.325098172966994,0.31173821448683586
40,8.png,four hundred eighty eight,twenty twenty twenty twenty twenty,1,0.0,0.36316361254616997,0.325098172966994,0.31173821448683586
41,8.png,four hundred eighty eight,twenty twenty twenty twenty twenty,2,0.0,0.36316361254616997,0.325098172966994,0.31173821448683586
42,8.png,four hundred eighty eight,twenty twenty twenty twenty twenty,3,0.0,0.36316361254616997,0.325098172966994,0.31173821448683586
43,8.png,four hundred eighty eight,twenty twenty twenty twenty twenty,4,0.0,0.36316361254616997,0.325098172966994,0.31173821448683586
44,9.png,six hundred forty four,twenty twenty twenty twenty twenty,0,0.0,0.32926375783065465,0.3309235756801213,0.33981266648922404
45,9.png,six hundred forty four,twenty twenty twenty twenty twenty,1,0.0,0.32926375783065465,0.3309235756801213,0.33981266648922404
46,9.png,six hundred forty four,twenty twenty twenty twenty twenty,2,0.0,0.32926375783065465,0.3309235756801213,0.33981266648922404
47,9.png,six hundred forty four,twenty twenty twenty twenty twenty,3,0.0,0.32926375783065465,0.3309235756801213,0.33981266648922404
48,9.png,six hundred forty four,twenty twenty twenty twenty twenty,4,0.0,0.32926375783065465,0.3309235756801213,0.33981266648922404
