,Image,Label,Prediction,Word,Thousand_score,Hundred_score,Ty/Teen_score,Unit_score
0,0.png,six thousand one hundred sixty two,eighteen eighteen eighteen eighteen eighteen eighteen eighteen,0,0.24191139511088147,0.2708486004012589,0.2544041488708053,0.2328358556170544
1,0.png,six thousand one hundred sixty two,eighteen eighteen eighteen eighteen eighteen eighteen eighteen,1,0.24191139511088147,0.2708486004012589,0.2544041488708053,0.2328358556170544
2,0.png,six thousand one hundred sixty two,eighteen eighteen eighteen eighteen eighteen eighteen eighteen,2,0.24191139511088147,0.2708486004012589,0.2544041488708053,0.2328358556170544
3,0.png,six thousand one hundred sixty two,eighteen eighteen eighteen eighteen eighteen eighteen eighteen,3,0.24191139511088147,0.2708486004012589,0.2544041488708053,0.2328358556170544
4,0.png,six thousand one hundred sixty two,eighteen eighteen eighteen eighteen eighteen eighteen eighteen,4,0.24191139511088147,0.2708486004012589,0.2544041488708053,0.2328358556170544
5,0.png,six thousand one hundred sixty two,eighteen eighteen eighteen eighteen eighteen eighteen eighteen,5,0.24191139511088147,0.2708486004012589,0.2544041488708053,0.2328358556170544
6,0.png,six thousand one hundred sixty two,eighteen eighteen eighteen eighteen eighteen eighteen eighteen,6,0.24191139511088147,0.2708486004012589,0.2544041488708053,0.2328358556170544
7,1.png,three thousand three hundred forty five,eighteen eighteen eighteen eighteen eighteen eighteen eighteen,0,0.24093506286812083,0.25522597654921064,0.25528293081861825,0.2485560297640504
8,1.png,three thousand three hundred forty five,eighteen eighteen eighteen eighteen eighteen eighteen eighteen,1,0.24093506286812083,0.25522597654921064,0.25528293081861825,0.2485560297640504
9,1.png,three thousand three hundred forty five,eighteen eighteen eighteen eighteen eighteen eighteen eighteen,2,0.24093506286812083,0.25522597654921064,0.25528293081861825,0.2485560297640504
10,1.png,three thousand three hundred forty five,eighteen eighteen eighteen eighteen eighteen eighteen eighteen,3,0.24093506286812083,0.25522597654921064,0.25528293081861825,0.2485560297640504
11,1.png,three thousand three hundred forty five,eighteen eighteen eighteen eighteen eighteen eighteen eighteen,4,0.24093506286812083,0.25522597654921064,0.25528293081861825,0.2485560297640504
12,1.png,three thousand three hundred forty five,eighteen eighteen eighteen eighteen eighteen eighteen eighteen,5,0.24093506286812083,0.25522597654921064,0.25528293081861825,0.2485560297640504
13,1.png,three thousand three hundred forty five,eighteen eighteen eighteen eighteen eighteen eighteen eighteen,6,0.24093506286812083,0.25522597654921064,0.25528293081861825,0.2485560297640504
14,2.png,one thousand nine hundred ninety one,eight eighteen eighteen eighteen eighteen eighteen eighteen,0,0.2404955508794301,0.24825225868545464,0.2604303357143038,0.2508218547208117
15,2.png,one thousand nine hundred ninety one,eight eighteen eighteen eighteen eighteen eighteen eighteen,1,0.24713097610210644,0.2447147760220991,0.25716143918474726,0.25099280869104723
16,2.png,one thousand nine hundred ninety one,eight eighteen eighteen eighteen eighteen eighteen eighteen,2,0.24713097610210644,0.2447147760220991,0.25716143918474726,0.25099280869104723
17,2.png,one thousand nine hundred ninety one,eight eighteen eighteen eighteen eighteen eighteen eighteen,3,0.24713097610210644,0.2447147760220991,0.25716143918474726,0.25099280869104723
18,2.png,one thousand nine hundred ninety one,eight eighteen eighteen eighteen eighteen eighteen eighteen,4,0.24713097610210644,0.2447147760220991,0.25716143918474726,0.25099280869104723
19,2.png,one thousand nine hundred ninety one,eight eighteen eighteen eighteen eighteen eighteen eighteen,5,0.24713097610210644,0.2447147760220991,0.25716143918474726,0.25099280869104723
20,2.png,one thousand nine hundred ninety one,eight eighteen eighteen eighteen eighteen eighteen eighteen,6,0.24713097610210644,0.2447147760220991,0.25716143918474726,0.25099280869104723
21,3.png,two thousand seven hundred eighty seven,eight eighteen eighteen eighteen eighteen eighteen eighteen,0,0.23702437127780712,0.2559714088514335,0.2563698785805905,0.2506343412901689
22,3.png,two thousand seven hundred eighty seven,eight eighteen eighteen eighteen eighteen eighteen eighteen,1,0.2449811200782625,0.2591133104342983,0.25167010088497804,0.24423546860246118
23,3.png,two thousand seven hundred eighty seven,eight eighteen eighteen eighteen eighteen eighteen eighteen,2,0.2449811200782625,0.2591133104342983,0.25167010088497804,0.24423546860246118
24,3.png,two thousand seven hundred eighty seven,eight eighteen eighteen eighteen eighteen eighteen eighteen,3,0.2449811200782625,0.2591133104342983,0.25167010088497804,0.24423546860246118
25,3.png,two thousand seven hundred eighty seven,eight eighteen eighteen eighteen eighteen eighteen eighteen,4,0.2449811200782625,0.2591133104342983,0.25167010088497804,0.24423546860246118
26,3.png,two thousand seven hundred eighty seven,eight eighteen eighteen eighteen eighteen eighteen eighteen,5,0.2449811200782625,0.2591133104342983,0.25167010088497804,0.24423546860246118
27,3.png,two thousand seven hundred eighty seven,eight eighteen eighteen eighteen eighteen eighteen eighteen,6,0.2449811200782625,0.2591133104342983,0.25167010088497804,0.24423546860246118
28,4.png,five thousand four hundred sixty five,eighteen eighteen eighteen eighteen eighteen eighteen eighteen,0,0.2475216174319531,0.24892979383133965,0.256409416873027,0.2471391718636801
29,4.png,five thousand four hundred sixty five,eighteen eighteen eighteen eighteen eighteen eighteen eighteen,1,0.2475216174319531,0.24892979383133965,0.256409416873027,0.2471391718636801
30,4.png,five thousand four hundred sixty five,eighteen eighteen eighteen eighteen eighteen eighteen eighteen,2,0.2475216174319531,0.24892979383133965,0.256409416873027,0.2471391718636801
31,4.png,five thousand four hundred sixty five,eighteen eighteen eighteen eighteen eighteen eighteen eighteen,3,0.2475216174319531,0.24892979383133965,0.256409416873027,0.2471391718636801
32,4.png,five thousand four hundred sixty five,eighteen eighteen eighteen eighteen eighteen eighteen eighteen,4,0.2475216174319531,0.24892979383133965,0.256409416873027,0.2471391718636801
33,4.png,five thousand four hundred sixty five,eighteen eighteen eighteen eighteen eighteen eighteen eighteen,5,0.2475216174319531,0.24892979383133965,0.256409416873027,0.2471391718636801
34,4.png,five thousand four hundred sixty five,eighteen eighteen eighteen eighteen eighteen eighteen eighteen,6,0.2475216174319531,0.24892979383133965,0.256409416873027,0.2471391718636801
35,5.png,seven hundred eighty seven,eight eighteen eighteen eighteen eighteen,0,0.0,0.33133979355199866,0.34329824086077587,0.3253619655872253
36,5.png,seven hundred eighty seven,eight eighteen eighteen eighteen eighteen,1,0.0,0.3357074347858796,0.3428021552713997,0.3214904099427207
37,5.png,seven hundred eighty seven,eight eighteen eighteen eighteen eighteen,2,0.0,0.3357074347858796,0.3428021552713997,0.3214904099427207
38,5.png,seven hundred eighty seven,eight eighteen eighteen eighteen eighteen,3,0.0,0.3357074347858796,0.3428021552713997,0.3214904099427207
39,5.png,seven hundred eighty seven,eight eighteen eighteen eighteen eighteen,4,0.0,0.3357074347858796,0.3428021552713997,0.3214904099427207
40,6.png,five hundred fifty four,eighteen eighteen eighteen eighteen eighteen,0,0.0,0.3530638498466563,0.34670350973444364,0.3002326404189001
41,6.png,five hundred fifty four,eighteen eighteen eighteen eighteen eighteen,1,0.0,0.3530638498466563,0.34670350973444364,0.3002326404189001
42,6.png,five hundred fifty four,eighteen eighteen eighteen eighteen eighteen,2,0.0,0.3530638498466563,0.34670350973444364,0.3002326404189001
43,6.png,five hundred fifty four,eighteen eighteen eighteen eighteen eighteen,3,0.0,0.3530638498466563,0.34670350973444364,0.3002326404189001
44,6.png,five hundred fifty four,eighteen eighteen eighteen eighteen eighteen,4,0.0,0.3530638498466563,0.34670350973444364,0.3002326404189001
45,7.png,nine hundred thirty nine,eighteen eighteen eighteen eighteen eighteen,0,0.0,0.3279104392837881,0.3474435279686358,0.3246460327475762
46,7.png,nine hundred thirty nine,eighteen eighteen eighteen eighteen eighteen,1,0.0,0.3279104392837881,0.3474435279686358,0.3246460327475762
47,7.png,nine hundred thirty nine,eighteen eighteen eighteen eighteen eighteen,2,0.0,0.3279104392837881,0.3474435279686358,0.3246460327475762
48,7.png,nine hundred thirty nine,eighteen eighteen eighteen eighteen eighteen,3,0.0,0.3279104392837881,0.3474435279686358,0.3246460327475762
49,7.png,nine hundred thirty nine,eighteen eighteen eighteen eighteen eighteen,4,0.0,0.3279104392837881,0.3474435279686358,0.3246460327475762
50,8.png,four hundred eighty eight,eighteen eighteen eighteen eighteen eighteen,0,0.0,0.3275399340866381,0.34157912153959374,0.33088094437376836
51,8.png,four hundred eighty eight,eighteen eighteen eighteen eighteen eighteen,1,0.0,0.3275399340866381,0.34157912153959374,0.33088094437376836
52,8.png,four hundred eighty eight,eighteen eighteen eighteen eighteen eighteen,2,0.0,0.3275399340866381,0.34157912153959374,0.33088094437376836
53,8.png,four hundred eighty eight,eighteen eighteen eighteen eighteen eighteen,3,0.0,0.3275399340866381,0.34157912153959374,0.33088094437376836
54,8.png,four hundred eighty eight,eighteen eighteen eighteen eighteen eighteen,4,0.0,0.3275399340866381,0.34157912153959374,0.33088094437376836
55,9.png,six hundred forty four,eight eighteen eighteen eighteen eighteen,0,0.0,0.3451273083752271,0.3324638578627886,0.32240883376198437
56,9.png,six hundred forty four,eight eighteen eighteen eighteen eighteen,1,0.0,0.3488768583346429,0.33165949513473575,0.31946364653062137
57,9.png,six hundred forty four,eight eighteen eighteen eighteen eighteen,2,0.0,0.3488768583346429,0.33165949513473575,0.31946364653062137
58,9.png,six hundred forty four,eight eighteen eighteen eighteen eighteen,3,0.0,0.3488768583346429,0.33165949513473575,0.31946364653062137
59,9.png,six hundred forty four,eight eighteen eighteen eighteen eighteen,4,0.0,0.3488768583346429,0.33165949513473575,0.31946364653062137
